{
 "cells": [
  {
   "cell_type": "code",
   "execution_count": 5,
   "id": "b06d9204",
   "metadata": {},
   "outputs": [
    {
     "data": {
      "text/plain": [
       "array([0.16666667, 0.16666667, 0.16666667, 0.16666667, 0.16666667,\n",
       "       0.16666667])"
      ]
     },
     "execution_count": 5,
     "metadata": {},
     "output_type": "execute_result"
    }
   ],
   "source": [
    "import numpy as np\n",
    "X = [[1, 2, 3], [4, -4, 5], [5, 6, 7]]\n",
    "np.ones(6) / 6\n"
   ]
  },
  {
   "cell_type": "code",
   "execution_count": 5,
   "id": "c1ebac3b",
   "metadata": {},
   "outputs": [
    {
     "name": "stdout",
     "output_type": "stream",
     "text": [
      "Row 0: ['bnjj']\n",
      "Row 1: ['vghcvg']\n",
      "Row 2: ['fsdgg']\n",
      "Row 3: ['dfgdfg']\n",
      "Row 4: ['dfgdfg']\n",
      "Row 5: ['dfgdfg']\n"
     ]
    }
   ],
   "source": [
    "X = [['bnjj'], ['vghcvg'], ['fsdgg'], ['dfgdfg'], ['dfgdfg'], ['dfgdfg']]\n",
    "for i, row in enumerate(X):\n",
    "    print(f\"Row {i}: {row}\")"
   ]
  },
  {
   "cell_type": "code",
   "execution_count": 13,
   "id": "1bbaf5f2",
   "metadata": {},
   "outputs": [
    {
     "name": "stdout",
     "output_type": "stream",
     "text": [
      "[[-0.66208471  0.74343912 -0.09456272]\n",
      " [-0.08276059 -0.19793858 -0.97671439]\n",
      " [ 0.7448453   0.6388416  -0.19257957]]\n"
     ]
    },
    {
     "data": {
      "text/plain": [
       "array([[-0.09456272,  0.74343912, -0.66208471],\n",
       "       [-0.97671439, -0.19793858, -0.08276059],\n",
       "       [-0.19257957,  0.6388416 ,  0.7448453 ]])"
      ]
     },
     "execution_count": 13,
     "metadata": {},
     "output_type": "execute_result"
    }
   ],
   "source": [
    "eigenvalues, eigenvectors = np.linalg.eig(np.cov(X, rowvar=False))\n",
    "print(eigenvectors)\n",
    "sorted_idx = np.argsort(eigenvalues)[::-1]\n",
    "eigenvalues = eigenvalues[sorted_idx]\n",
    "eigenvectors[:, sorted_idx]\n"
   ]
  },
  {
   "cell_type": "code",
   "execution_count": 11,
   "id": "4d32b21f",
   "metadata": {},
   "outputs": [
    {
     "data": {
      "text/plain": [
       "array([[-0.09456272,  0.74343912],\n",
       "       [-0.97671439, -0.19793858],\n",
       "       [-0.19257957,  0.6388416 ]])"
      ]
     },
     "execution_count": 11,
     "metadata": {},
     "output_type": "execute_result"
    }
   ],
   "source": [
    "eigenvectors[:, :2]"
   ]
  }
 ],
 "metadata": {
  "kernelspec": {
   "display_name": "Python 3",
   "language": "python",
   "name": "python3"
  },
  "language_info": {
   "codemirror_mode": {
    "name": "ipython",
    "version": 3
   },
   "file_extension": ".py",
   "mimetype": "text/x-python",
   "name": "python",
   "nbconvert_exporter": "python",
   "pygments_lexer": "ipython3",
   "version": "3.12.3"
  }
 },
 "nbformat": 4,
 "nbformat_minor": 5
}
